totalRuntime,timeSliceValue,contextSwitchValue,
1026,50,2,
processID,timeTaken,timeCompleted,
1,1,1,
2,2,3,
3,3,6,
4,5,11,
5,8,19,
6,10,29,
7,24,53,
8,27,80,
9,32,112,
10,36,148,
11,40,188,
12,42,230,
13,45,275,
14,47,322,
15,48,370,
16,49,419,
17,50,469,
18,418,887,
19,370,891,
20,324,897,
21,282,907,
22,244,921,
23,217,946,
24,195,976,
25,193,1026,
